1 47761740 51761740 1
2 85919365 100517106 2
2 89917298 89917322 3
2 87416141 87416186 4
2 87417804 87417863 5
2 87418924 87418981 6
1 144106678 144106709 7
14 87391719 87391996 8
9 40365644 40365693 9
2 182427027 189427029 10
3 47483505 49987563 11
3 83368158 86868160 12
5 44464140 51168409 13
5 129636407 132636409 14
6 25391792 33424245 15
6 26726947 26726981 16
6 57788603 58453888 17
6 61109122 61357029 18
6 61424410 61424451 19
9 64198500 64200392 20
6 139637169 142137170 21
7 54964812 66897578 22
7 62182500 62277073 23
12 34639034 34639084 24
14 94658026 94658080 25
17 43159541 43159574 26
2 135275091 135275210 27
1 181955019 181955047 28
22 30060084 30060162 29
9 88958735 88959017 30
2 207609786 207609808 31
22 42980497 42980522 32
20 4031884 4032441 33
8 8105067 12105082 34
8 43025699 48924888 35
8 47303500 47317337 36
8 110918594 113918595 37
10 36671065 43184546 38
10 41693521 41885273 39
1 125169943 125170022 40
11 88127183 91127184 41
12 32955798 41319931 42
20 33948532 36438183 43
