chr1 48227412 52227412 1
chr2 86146488 101133568 2
chr2 89563673 89564169 3
chr2 98080299 98080324 4
chr2 183291754 190291755 5
chr3 47524995 50024996 6
chr3 83417309 86917310 7
chr5 44464242 50464243 8
chr5 128972100 131972101 9
chr6 25392020 33392022 10
chr6 56892040 63942041 11
chr6 139958306 142458307 12
chr7 55032505 66362565 13
chr8 7962589 11962591 14
chr8 42880842 49837447 15
chr8 111930823 114930824 16
chr10 36959993 43679994 17
chr11 87860351 90860352 18
chr12 33108732 41713733 19
chr20 32536338 35066586 20
